07/19/2004	02 17 26 27 31 48	
	0.00	2,976.00	71.00	3.00	
07/15/2004	01 09 10 19 38 43	
	0.00	3,202.00	49.00	3.00	
07/12/2004	07 20 22 38 44 48	
	0.00	2,462.00	74.00	3.00	
07/08/2004	36 38 39 40 41 49	
	0.00	2,236.00	75.00	3.00	
07/05/2004	11 18 26 34 43 48	
	0.00	2,562.00	68.00	3.00	
07/01/2004	01 13 18 25 28 37	
	0.00	1,881.00	45.00	3.00	
06/28/2004	05 11 13 19 29 48	
	0.00	2,351.00	45.00	3.00	
06/24/2004	04 18 20 25 27 45	
	0.00	1,877.00	57.00	3.00	
06/21/2004	02 15 20 39 40 42	
	0.00	4,462.00	74.00	3.00	
06/17/2004	03 08 18 22 29 44	
	0.00	1,821.00	44.00	3.00	
06/14/2004	04 11 24 34 42 45	
	0.00	3,309.00	63.00	3.00	
06/10/2004	01 04 09 20 29 41	
	0.00	1,994.00	46.00	3.00	
06/07/2004	03 17 21 23 34 47	
	0.00	4,167.00	65.00	3.00	
06/03/2004	04 06 24 26 32 39	
	0.00	3,442.00	53.00	3.00	
05/31/2004	02 06 07 18 28 40	
	0.00	2,155.00	41.00	3.00	
05/27/2004	01 04 11 13 18 34	
	0.00	1,701.00	39.00	3.00	
05/24/2004	10 22 28 30 40 44	
	0.00	2,972.00	61.00	3.00	
05/20/2004	01 06 13 17 27 30	
	0.00	1,353.00	32.00	3.00	
05/17/2004	14 19 26 27 37 38	
	0.00	2,713.00	66.00	3.00	
05/13/2004	02 08 18 19 39 49	
	0.00	5,002.00	60.00	3.00	
05/10/2004	08 11 18 24 28 40	1	35,000,000.00	2,437.00	43.00	3.00	
05/06/2004	07 10 17 26 42 49	
	0.00	2,581.00	59.00	3.00	
05/03/2004	09 17 21 29 40 47	
	0.00	3,146.00	62.00	3.00	
04/29/2004	06 19 24 32 36 37	
	0.00	4,442.00	57.00	3.00	
04/26/2004	02 10 19 27 39 41	
	0.00	2,318.00	53.00	3.00	
04/22/2004	04 12 13 20 39 42	
	0.00	3,981.00	57.00	3.00	
04/19/2004	18 19 23 24 26 46	
	0.00	1,973.00	63.00	3.00	
04/15/2004	11 19 21 27 34 40	
	0.00	2,023.00	55.00	3.00	
04/12/2004	17 21 27 38 40 43	
	0.00	2,980.00	68.00	3.00	
04/08/2004	18 20 21 30 39 45	
	0.00	3,639.00	69.00	3.00	
04/05/2004	06 08 21 23 34 44	
	0.00	4,541.00	57.00	3.00	
04/01/2004	08 10 13 17 22 46	
	0.00	2,382.00	48.00	3.00	
03/29/2004	09 19 22 31 37 45	
	0.00	2,653.00	60.00	3.00	
03/25/2004	06 11 15 26 30 42	
	0.00	2,159.00	50.00	3.00	
03/22/2004	06 09 12 20 34 40	
	0.00	2,378.00	48.00	3.00	
03/18/2004	16 18 22 28 41 46	
	0.00	2,921.00	63.00	3.00	
03/15/2004	13 21 26 27 34 43	
	0.00	3,571.00	56.00	3.00	
03/11/2004	03 26 28 30 31 48	
	0.00	3,194.00	63.00	3.00	
03/08/2004	11 20 31 33 44 45	
	0.00	4,213.00	65.00	3.00	
03/04/2004	02 16 28 33 41 48	
	0.00	4,110.00	74.00	3.00	
03/01/2004	10 15 20 22 23 47	
	0.00	3,176.00	62.00	3.00	
02/26/2004	01 06 29 34 43 44	
	0.00	4,165.00	71.00	3.00	
02/23/2004	05 06 14 38 43 44	
	0.00	5,733.00	63.00	3.00	
02/19/2004	06 08 26 33 35 45	
	0.00	3,430.00	66.00	3.00	
02/16/2004	07 23 32 35 38 47	
	0.00	3,739.00	64.00	3.00	
02/12/2004	06 22 33 44 45 48	
	0.00	6,004.00	69.00	3.00	
02/09/2004	03 09 18 31 41 44	
	0.00	3,842.00	62.00	3.00	
02/05/2004	10 22 25 38 39 45	
	0.00	3,145.00	75.00	3.00	
02/02/2004	11 12 22 27 31 32	
	0.00	1,925.00	43.00	3.00	
01/29/2004	12 17 21 23 43 49	
	0.00	3,282.00	67.00	3.00	
01/26/2004	10 31 34 42 44 47	
	0.00	6,252.00	83.00	3.00	
01/22/2004	16 18 22 32 36 48	
	0.00	7,788.00	74.00	3.00	
01/19/2004	05 09 11 20 41 45	
	0.00	2,968.00	53.00	3.00	
01/15/2004	02 05 11 37 46 48	
	0.00	3,539.00	66.00	3.00	
01/12/2004	01 02 03 08 35 43	
	0.00	4,839.00	44.00	3.00	
01/08/2004	06 07 13 24 26 31	
	0.00	1,011.00	32.00	3.00	
01/05/2004	11 28 30 40 45 46	
	0.00	5,782.00	69.00	3.00	
01/01/2004	08 23 38 44 47 48	
	0.00	3,887.00	83.00	3.00	
12/29/2003	07 11 29 31 34 41	
	0.00	2,701.00	52.00	3.00	
12/26/2003	09 11 33 34 37 49	1	10,000,000.00	4,328.00	68.00	3.00	
12/22/2003	01 16 18 20 38 47	
	0.00	3,266.00	73.00	3.00	
12/18/2003	04 05 19 20 37 48	
	0.00	5,433.00	62.00	3.00	
12/15/2003	04 11 37 39 40 43	
	0.00	4,957.00	67.00	3.00	
12/11/2003	01 03 11 22 24 41	
	0.00	2,106.00	43.00	3.00	
12/08/2003	06 25 34 35 39 40	
	0.00	4,187.00	76.00	3.00	
12/04/2003	06 13 18 31 43 46	
	0.00	3,640.00	62.00	3.00	
12/01/2003	01 10 16 31 43 48	
	0.00	5,322.00	71.00	3.00	
11/27/2003	07 13 16 24 31 45	
	0.00	3,111.00	53.00	3.00	
11/24/2003	10 12 13 19 39 43	
	0.00	2,645.00	58.00	3.00	
11/20/2003	01 08 11 19 37 46	
	0.00	2,318.00	50.00	3.00	
11/17/2003	12 30 32 42 46 49	
	0.00	3,075.00	74.00	3.00	
11/13/2003	12 16 21 29 31 49	
	0.00	2,745.00	60.00	3.00	
11/10/2003	13 27 40 45 46 47	
	0.00	4,533.00	78.00	3.00	
11/06/2003	11 12 17 28 31 39	
	0.00	4,824.00	47.00	3.00	
11/03/2003	16 17 27 38 44 46	1	3,000,000.00	3,931.00	73.00	3.00	
10/30/2003	05 13 14 21 22 35	
	0.00	2,161.00	46.00	3.00	
10/27/2003	11 24 42 46 47 48	
	0.00	4,821.00	95.00	3.00	
10/23/2003	02 19 21 26 46 48	
	0.00	3,769.00	72.00	3.00	
10/20/2003	05 07 24 33 44 49	
	0.00	4,094.00	62.00	3.00	
10/16/2003	02 13 15 31 38 44	1	2,000,000.00	5,572.00	63.00	3.00	
10/13/2003	11 12 17 18 31 38	1	6,187,929.00	2,319.00	52.00	3.00	
10/09/2003	06 19 33 36 38 39	
	0.00	2,833.00	59.00	3.00	
10/06/2003	09 14 31 32 43 45	
	0.00	3,526.00	76.00	3.00	
10/02/2003	01 16 28 34 39 49	
	0.00	5,120.00	85.00	3.00	
09/29/2003	05 07 15 28 40 44	
	0.00	2,633.00	54.00	3.00	
09/25/2003	04 15 18 33 42 47	
	0.00	3,810.00	74.00	3.00	
09/22/2003	07 10 22 26 31 39	
	0.00	1,904.00	46.00	3.00	
09/18/2003	05 06 13 34 35 39	
	0.00	3,164.00	66.00	3.00	
09/15/2003	04 10 19 27 32 35	
	0.00	2,394.00	47.00	3.00	
09/11/2003	02 05 22 34 38 44	
	0.00	3,781.00	61.00	3.00	
09/08/2003	01 04 10 18 30 49	
	0.00	2,545.00	45.00	3.00	
09/04/2003	15 17 24 37 38 47	
	0.00	8,976.00	70.00	3.00	
09/01/2003	14 15 29 30 45 49	
	0.00	8,721.00	90.00	3.00	
08/28/2003	06 13 14 17 41 43	1	2,000,000.00	2,938.00	62.00	3.00	
08/25/2003	05 10 12 19 22 47	
	0.00	1,760.00	38.00	3.00	
08/21/2003	13 14 30 38 40 41	
	0.00	6,538.00	76.00	3.00	
08/18/2003	19 28 32 40 45 48	
	0.00	3,775.00	80.00	3.00	
08/14/2003	03 04 16 19 31 34	1	7,000,000.00	3,070.00	51.00	3.00	
08/11/2003	03 05 14 29 37 45	
	0.00	1,883.00	59.00	3.00	
08/07/2003	04 16 28 31 35 40	
	0.00	4,588.00	63.00	3.00	
08/04/2003	06 08 12 13 32 47	
	0.00	3,268.00	58.00	3.00	
07/31/2003	21 24 34 40 45 47	
	0.00	4,835.00	84.00	3.00	
07/28/2003	14 29 30 32 36 40	
	0.00	2,835.00	75.00	3.00	
07/24/2003	04 12 17 19 24 26	
	0.00	1,296.00	33.00	3.00	
07/21/2003	04 25 32 33 34 47	
	0.00	5,534.00	76.00	3.00	
