webcam resolutions reported by gstreamer for my test camera

176     144     1.22222
320     176     1.81818
320     240     1.33333		original size
352     288     1.22222
432     240     1.8
544     288     1.88889
640     360     1.77778		best?
640     480     1.33333
752     416     1.80769
800     448     1.78571
864     480     1.8		480p
800     600     1.33333
960     544     1.76471
1024    576     1.77778		best?
960     720     1.33333
1184    656     1.80488
1280    720     1.77778		best? 720p

1680x1050 is 1.6
1920x1200 is 1.6
